 Position       |   E(B-V) (mag)   | NHI (atoms cm-2)    | NH2 (atoms cm-2)    | NH,tot (atoms cm-2) |
                    | Mean  | Weighted |  Mean    | Weighted |  Mean    | Weighted |   Mean   | Weighted |
+===================+=======+==========+==========+==========+==========+==========+==========+==========+

J 169.08801, 29.22171| 0.017 | 0.017    | 1.28e+20 | 1.24e+20 | 6.18e+18 | 5.97e+18 | 1.34e+20 | 1.30e+20 |
J 164.54114, 1.60176 | 0.033 | 0.033    | 3.15e+20 | 3.07e+20 | 3.54e+19 | 3.38e+19 | 3.50e+20 | 3.41e+20 |
J 117.04606, 18.54681| 0.042 | 0.044    | 4.48e+20 | 4.82e+20 | 6.62e+19 | 7.47e+19 | 5.14e+20 | 5.57e+20 |
J 223.59720, 16.35526| 0.026 | 0.025    | 1.80e+20 | 1.73e+20 | 1.48e+19 | 1.37e+19 | 1.95e+20 | 1.87e+20 |
J 165.22144, 10.54709| 0.025 | 0.026    | 2.19e+20 | 2.27e+20 | 1.75e+19 | 1.88e+19 | 2.37e+20 | 2.45e+20 |
J 188.92183, 26.52309| 0.016 | 0.016    | 1.21e+20 | 1.20e+20 | 5.45e+18 | 5.40e+18 | 1.26e+20 | 1.25e+20 |
J 155.42078, 23.92559| 0.022 | 0.021    | 1.65e+20 | 1.57e+20 | 1.13e+19 | 1.02e+19 | 1.76e+20 | 1.67e+20 |
J 141.96983, 29.98525| 0.022 | 0.022    | 1.78e+20 | 1.77e+20 | 1.18e+19 | 1.18e+19 | 1.90e+20 | 1.89e+20 |
J 243.14767, 29.48542| 0.038 | 0.038    | 3.12e+20 | 3.16e+20 | 4.07e+19 | 4.15e+19 | 3.53e+20 | 3.58e+20 |
J 233.13344, 4.68081| 0.052 | 0.052    | 4.03e+20 | 4.01e+20 | 7.42e+19 | 7.36e+19 | 4.77e+20 | 4.75e+20 |
J 200.06047, 33.14337| 0.014 | 0.015    | 1.26e+20 | 1.31e+20 | 5.01e+18 | 5.54e+18 | 1.31e+20 | 1.36e+20 |
J 123.64912, 55.14478| 0.049 | 0.047    | 4.40e+20 | 4.15e+20 | 7.65e+19 | 6.87e+19 | 5.17e+20 | 4.83e+20 |
J 170.73451, 34.11109| 0.023 | 0.023    | 2.25e+20 | 2.27e+20 | 1.61e+19 | 1.64e+19 | 2.41e+20 | 2.43e+20 |
J 205.59932, 29.82456| 0.016 | 0.016    | 1.36e+20 | 1.36e+20 | 6.40e+18 | 6.48e+18 | 1.43e+20 | 1.42e+20 |
J 161.08627, 14.08417| 0.029 | 0.029    | 2.75e+20 | 2.70e+20 | 2.64e+19 | 2.59e+19 | 3.01e+20 | 2.96e+20 |
J 151.71638, 14.37340| 0.040 | 0.040    | 3.51e+20 | 3.44e+20 | 4.82e+19 | 4.70e+19 | 3.99e+20 | 3.91e+20 |
J 203.99255, 33.47375| 0.012 | 0.012    | 9.33e+19 | 9.10e+19 | 3.11e+18 | 3.00e+18 | 9.64e+19 | 9.40e+19 |
J 238.75679, 41.57878| 0.017 | 0.017    | 1.56e+20 | 1.55e+20 | 7.64e+18 | 7.63e+18 | 1.64e+20 | 1.63e+20 |
J 162.49550, 0.32242| 0.045 | 0.045    | 3.43e+20 | 3.34e+20 | 5.40e+19 | 5.17e+19 | 3.97e+20 | 3.86e+20 |
J 184.96628, 28.42242| 0.022 | 0.022    | 1.94e+20 | 1.90e+20 | 1.35e+19 | 1.32e+19 | 2.08e+20 | 2.04e+20 |
J 176.59178, 33.16153| 0.020 | 0.020    | 1.75e+20 | 1.76e+20 | 1.04e+19 | 1.05e+19 | 1.86e+20 | 1.86e+20 |
J 156.09390, 41.70617| 0.012 | 0.013    | 9.20e+19 | 9.02e+19 | 3.12e+18 | 3.15e+18 | 9.51e+19 | 9.34e+19 |
J 232.37233, 7.57270| 0.045 | 0.044    | 3.68e+20 | 3.69e+20 | 5.82e+19 | 5.67e+19 | 4.26e+20 | 4.26e+20 |
J 181.10316, 42.56159| 0.013 | 0.013    | 1.17e+20 | 1.16e+20 | 4.33e+18 | 4.30e+18 | 1.22e+20 | 1.20e+20 |
J 241.60599, 15.68615| 0.040 | 0.041    | 3.16e+20 | 3.18e+20 | 4.32e+19 | 4.41e+19 | 3.60e+20 | 3.62e+20 |
J 123.26100, 54.29410| 0.041 | 0.042    | 3.89e+20 | 3.88e+20 | 5.60e+19 | 5.64e+19 | 4.45e+20 | 4.44e+20 |
J 136.98801, 49.59850| 0.019 | 0.019    | 1.64e+20 | 1.65e+20 | 9.25e+18 | 9.45e+18 | 1.73e+20 | 1.74e+20 |
J 140.85100, 22.31310| 0.035 | 0.035    | 3.15e+20 | 3.16e+20 | 3.69e+19 | 3.79e+19 | 3.51e+20 | 3.54e+20 |
J 159.30099, 50.12060| 0.015 | 0.015    | 1.15e+20 | 1.21e+20 | 4.78e+18 | 5.40e+18 | 1.20e+20 | 1.26e+20 |
J 138.41400, 29.99290| 0.023 | 0.024    | 1.86e+20 | 1.87e+20 | 1.34e+19 | 1.37e+19 | 1.99e+20 | 2.01e+20 |
J 145.88800, 39.41510| 0.017 | 0.017    | 1.44e+20 | 1.49e+20 | 7.12e+18 | 7.50e+18 | 1.51e+20 | 1.57e+20 |
J 153.42799, -0.92818| 0.042 | 0.042    | 3.37e+20 | 3.39e+20 | 4.83e+19 | 4.93e+19 | 3.85e+20 | 3.89e+20 |
J 164.42700, 37.65450| 0.016 | 0.016    | 1.67e+20 | 1.60e+20 | 8.06e+18 | 7.66e+18 | 1.75e+20 | 1.68e+20 |
J 196.24300, 43.55290| 0.018 | 0.018    | 1.54e+20 | 1.54e+20 | 8.21e+18 | 8.13e+18 | 1.62e+20 | 1.62e+20 |
J 197.18300, 13.80700| 0.024 | 0.024    | 1.91e+20 | 1.95e+20 | 1.43e+19 | 1.48e+19 | 2.06e+20 | 2.09e+20 |
J 228.19800, 7.43440| 0.033 | 0.034    | 2.53e+20 | 2.52e+20 | 2.81e+19 | 2.88e+19 | 2.81e+20 | 2.81e+20 |
J 239.17200, 20.17160| 0.046 | 0.046    | 3.31e+20 | 3.37e+20 | 5.23e+19 | 5.38e+19 | 3.83e+20 | 3.90e+20 |
J 216.16901, 26.62510| 0.018 | 0.018    | 1.56e+20 | 1.54e+20 | 8.43e+18 | 8.46e+18 | 1.65e+20 | 1.63e+20 |
J 249.27499, 44.26980| 0.011 | 0.011    | 8.96e+19 | 8.85e+19 | 2.66e+18 | 2.74e+18 | 9.23e+19 | 9.12e+19 |
J 174.01391, 55.07423| 0.013 | 0.012    | 9.89e+19 | 9.44e+19 | 3.46e+18 | 3.20e+18 | 1.02e+20 | 9.76e+19 |
J 252.56530, 23.57965| 0.058 | 0.059    | 4.19e+20 | 4.18e+20 | 8.70e+19 | 8.83e+19 | 5.06e+20 | 5.07e+20 |
J 152.56819, 54.50128| 0.008 | 0.008    | 7.46e+19 | 7.72e+19 | 1.57e+18 | 1.67e+18 | 7.62e+19 | 7.89e+19 |
J 181.10266, 42.56225| 0.013 | 0.013    | 1.17e+20 | 1.16e+20 | 4.33e+18 | 4.30e+18 | 1.22e+20 | 1.20e+20 |
J 249.27679, 44.26868| 0.011 | 0.011    | 8.96e+19 | 8.85e+19 | 2.66e+18 | 2.74e+18 | 9.23e+19 | 9.12e+19 |
J 206.30039, 23.07468| 0.014 | 0.014    | 1.28e+20 | 1.28e+20 | 5.32e+18 | 5.32e+18 | 1.34e+20 | 1.34e+20 |
J 239.63252, 18.02199| 0.043 | 0.044    | 3.15e+20 | 3.17e+20 | 4.67e+19 | 4.77e+19 | 3.62e+20 | 3.65e+20 |
J 162.18816, 22.21327| 0.027 | 0.026    | 1.70e+20 | 1.59e+20 | 1.43e+19 | 1.27e+19 | 1.85e+20 | 1.72e+20 |
J 146.84111, 54.47208| 0.011 | 0.011    | 1.15e+20 | 1.18e+20 | 3.40e+18 | 3.57e+18 | 1.19e+20 | 1.22e+20 |
J 203.28141, 32.51451| 0.012 | 0.012    | 9.87e+19 | 9.87e+19 | 3.14e+18 | 3.17e+18 | 1.02e+20 | 1.02e+20 |
J 230.04475, 25.72092| 0.047 | 0.046    | 4.04e+20 | 3.99e+20 | 6.67e+19 | 6.49e+19 | 4.70e+20 | 4.64e+20 |
+===================+=======+==========+==========+==========+==========+==========+==========+==========+